UNITS=MM
#Layer_Color=9474304
#
#Feature symbol names
#
$0 r127
$1 r169.33164

#
#Feature attribute names
#

#
#Layer features
#
A 260.858 193.04 260.858 193.04 260.35 193.04 1 P 0 N
A 260.858 198.12 260.858 198.12 260.35 198.12 1 P 0 N
A 260.858 203.2 260.858 203.2 260.35 203.2 1 P 0 N
L 254.762 189.992 255.016 189.992 0 P 0
L 254.762 189.992 255.016 190.246 0 P 0
L 254.762 190.5 255.016 190.246 0 P 0
L 254.762 190.5 255.016 190.5 0 P 0
L 254.762 205.74 255.016 205.74 0 P 0
L 254.762 205.74 255.016 205.994 0 P 0
L 254.762 206.248 255.016 205.994 0 P 0
L 254.762 206.248 255.016 206.248 0 P 0
L 255.016 189.992 255.27 189.738 0 P 0
L 255.016 190.5 255.27 190.754 0 P 0
L 255.016 205.74 255.27 205.486 0 P 0
L 255.016 206.248 255.27 206.502 0 P 0
L 255.27 189.738 255.524 189.992 0 P 0
L 255.27 190.754 255.524 190.5 0 P 0
L 255.27 205.486 255.524 205.74 0 P 0
L 255.27 206.502 255.524 206.248 0 P 0
L 255.524 189.992 255.778 189.992 0 P 0
L 255.524 190.246 255.778 189.992 0 P 0
L 255.524 190.246 255.778 190.5 0 P 0
L 255.524 190.5 255.778 190.5 0 P 0
L 255.524 205.74 255.778 205.74 0 P 0
L 255.524 205.994 255.778 205.74 0 P 0
L 255.524 205.994 255.778 206.248 0 P 0
L 255.524 206.248 255.778 206.248 0 P 0
L 256.032 195.072 256.032 196.088 0 P 0
L 256.032 195.072 257.048 195.072 0 P 0
L 256.032 196.088 257.048 196.088 0 P 0
L 256.032 197.612 256.032 198.628 0 P 0
L 256.032 197.612 257.048 197.612 0 P 0
L 256.032 198.628 257.048 198.628 0 P 0
L 256.032 200.152 256.032 201.168 0 P 0
L 256.032 200.152 257.048 200.152 0 P 0
L 256.032 201.168 257.048 201.168 0 P 0
L 257.048 195.072 257.048 196.088 0 P 0
L 257.048 197.612 257.048 198.628 0 P 0
L 257.048 200.152 257.048 201.168 0 P 0
L 228.092 192.278 228.6 191.262 0 P 0
L 228.092 192.278 229.108 192.278 0 P 0
L 228.092 194.818 228.6 193.802 0 P 0
L 228.092 194.818 229.108 194.818 0 P 0
L 228.092 197.358 228.6 196.342 0 P 0
L 228.092 197.358 229.108 197.358 0 P 0
L 228.092 199.898 228.6 198.882 0 P 0
L 228.092 199.898 229.108 199.898 0 P 0
L 228.092 202.438 228.6 201.422 0 P 0
L 228.092 202.438 229.108 202.438 0 P 0
L 228.092 204.978 228.6 203.962 0 P 0
L 228.092 204.978 229.108 204.978 0 P 0
L 228.6 191.262 229.108 192.278 0 P 0
L 228.6 193.802 229.108 194.818 0 P 0
L 228.6 196.342 229.108 197.358 0 P 0
L 228.6 198.882 229.108 199.898 0 P 0
L 228.6 201.422 229.108 202.438 0 P 0
L 228.6 203.962 229.108 204.978 0 P 0
L 234.696 196.596 234.95 196.596 0 P 0
L 234.696 196.596 234.95 196.85 0 P 0
L 234.696 197.104 234.95 196.85 0 P 0
L 234.696 197.104 234.95 197.104 0 P 0
L 234.696 202.692 234.95 202.692 0 P 0
L 234.696 202.692 234.95 202.946 0 P 0
L 234.696 203.2 234.95 202.946 0 P 0
L 234.696 203.2 234.95 203.2 0 P 0
L 234.95 196.596 235.204 196.342 0 P 0
L 234.95 197.104 235.204 197.358 0 P 0
L 234.95 202.692 235.204 202.438 0 P 0
L 234.95 203.2 235.204 203.454 0 P 0
L 235.204 196.342 235.458 196.596 0 P 0
L 235.204 197.358 235.458 197.104 0 P 0
L 235.204 202.438 235.458 202.692 0 P 0
L 235.204 203.454 235.458 203.2 0 P 0
L 235.458 196.596 235.712 196.596 0 P 0
L 235.458 196.85 235.712 196.596 0 P 0
L 235.458 196.85 235.712 197.104 0 P 0
L 235.458 197.104 235.712 197.104 0 P 0
L 235.458 202.692 235.712 202.692 0 P 0
L 235.458 202.946 235.712 202.692 0 P 0
L 235.458 202.946 235.712 203.2 0 P 0
L 235.458 203.2 235.712 203.2 0 P 0
L 235.712 200.152 235.712 201.168 0 P 0
L 235.712 200.152 236.728 200.152 0 P 0
L 235.712 201.168 236.728 201.168 0 P 0
L 236.728 200.152 236.728 201.168 0 P 0
L 238.252 200.152 238.252 201.168 0 P 0
L 238.252 200.152 239.268 200.152 0 P 0
L 238.252 201.168 239.268 201.168 0 P 0
L 239.268 200.152 239.268 201.168 0 P 0
L 240.792 200.152 240.792 201.168 0 P 0
L 240.792 200.152 241.808 200.152 0 P 0
L 240.792 201.168 241.808 201.168 0 P 0
L 241.554 198.374 241.808 198.374 0 P 0
L 241.554 198.374 241.808 198.628 0 P 0
L 241.554 198.882 241.808 198.628 0 P 0
L 241.554 198.882 241.808 198.882 0 P 0
L 241.808 198.374 242.062 198.12 0 P 0
L 241.808 198.882 242.062 199.136 0 P 0
L 241.808 200.152 241.808 201.168 0 P 0
L 242.062 198.12 242.316 198.374 0 P 0
L 242.062 199.136 242.316 198.882 0 P 0
L 242.316 198.374 242.57 198.374 0 P 0
L 242.316 198.628 242.57 198.374 0 P 0
L 242.316 198.628 242.57 198.882 0 P 0
L 242.316 198.882 242.57 198.882 0 P 0
L 242.824 190.754 243.078 190.754 0 P 0
L 242.824 190.754 243.078 191.008 0 P 0
L 242.824 191.262 243.078 191.008 0 P 0
L 242.824 191.262 243.078 191.262 0 P 0
L 243.078 190.754 243.332 190.5 0 P 0
L 243.078 191.262 243.332 191.516 0 P 0
L 243.332 190.5 243.586 190.754 0 P 0
L 243.332 191.516 243.586 191.262 0 P 0
L 243.586 190.754 243.84 190.754 0 P 0
L 243.586 191.008 243.84 190.754 0 P 0
L 243.586 191.008 243.84 191.262 0 P 0
L 243.586 191.262 243.84 191.262 0 P 0
L 244.094 205.232 244.348 205.232 0 P 0
L 244.094 205.232 244.348 205.486 0 P 0
L 244.094 205.74 244.348 205.486 0 P 0
L 244.094 205.74 244.348 205.74 0 P 0
L 244.348 205.232 244.602 204.978 0 P 0
L 244.348 205.74 244.602 205.994 0 P 0
L 244.602 204.978 244.856 205.232 0 P 0
L 244.602 205.994 244.856 205.74 0 P 0
L 244.856 205.232 245.11 205.232 0 P 0
L 244.856 205.486 245.11 205.232 0 P 0
L 244.856 205.486 245.11 205.74 0 P 0
L 244.856 205.74 245.11 205.74 0 P 0
L 248.412 195.072 248.412 196.088 0 P 0
L 248.412 195.072 249.428 195.072 0 P 0
L 248.412 196.088 249.428 196.088 0 P 0
L 248.412 197.612 248.412 198.628 0 P 0
L 248.412 197.612 249.428 197.612 0 P 0
L 248.412 198.628 249.428 198.628 0 P 0
L 248.412 200.152 248.412 201.168 0 P 0
L 248.412 200.152 249.428 200.152 0 P 0
L 248.412 201.168 249.428 201.168 0 P 0
L 249.428 195.072 249.428 196.088 0 P 0
L 249.428 197.612 249.428 198.628 0 P 0
L 249.428 200.152 249.428 201.168 0 P 0
