UNITS=MM
#Layer_Color=9474304
#
#Feature symbol names
#
$0 r127

#
#Feature attribute names
#

#
#Layer features
#
L 254.9144 190.246 255.6256 190.246 0 P 0
L 254.9144 205.994 255.6256 205.994 0 P 0
L 255.27 189.8904 255.27 190.6016 0 P 0
L 255.27 205.6384 255.27 206.3496 0 P 0
L 255.9400012 195.58 257.1399988 195.58 0 P 0
L 255.9400012 198.12 257.1399988 198.12 0 P 0
L 255.9400012 200.66 257.1399988 200.66 0 P 0
L 256.54 194.9800012 256.54 196.1799988 0 P 0
L 256.54 197.5200012 256.54 198.7199988 0 P 0
L 256.54 200.0600012 256.54 201.2599988 0 P 0
L 259.5000017 193.04 261.1999983 193.04 0 P 0
L 259.5000017 198.12 261.1999983 198.12 0 P 0
L 259.5000017 203.2 261.1999983 203.2 0 P 0
L 260.35 192.1900017 260.35 193.8899983 0 P 0
L 260.35 197.2700017 260.35 198.9699983 0 P 0
L 260.35 202.3500017 260.35 204.0499983 0 P 0
L 228.0500011 191.77 229.1499989 191.77 0 P 0
L 228.0500011 194.31 229.1499989 194.31 0 P 0
L 228.0500011 196.85 229.1499989 196.85 0 P 0
L 228.0500011 199.39 229.1499989 199.39 0 P 0
L 228.0500011 201.93 229.1499989 201.93 0 P 0
L 228.0500011 204.47 229.1499989 204.47 0 P 0
L 228.6 191.2200011 228.6 192.3199989 0 P 0
L 228.6 193.7600011 228.6 194.8599989 0 P 0
L 228.6 196.3000011 228.6 197.3999989 0 P 0
L 228.6 198.8400011 228.6 199.9399989 0 P 0
L 228.6 201.3800011 228.6 202.4799989 0 P 0
L 228.6 203.9200011 228.6 205.0199989 0 P 0
L 234.8484 196.85 235.5596 196.85 0 P 0
L 234.8484 202.946 235.5596 202.946 0 P 0
L 235.204 196.4944 235.204 197.2056 0 P 0
L 235.204 202.5904 235.204 203.3016 0 P 0
L 235.6200012 200.66 236.8199988 200.66 0 P 0
L 236.22 200.0600012 236.22 201.2599988 0 P 0
L 238.1600012 200.66 239.3599988 200.66 0 P 0
L 238.76 200.0600012 238.76 201.2599988 0 P 0
L 240.7000012 200.66 241.8999988 200.66 0 P 0
L 241.3 200.0600012 241.3 201.2599988 0 P 0
L 241.7064 198.628 242.4176 198.628 0 P 0
L 242.062 198.2724 242.062 198.9836 0 P 0
L 242.9764 191.008 243.6876 191.008 0 P 0
L 243.332 190.6524 243.332 191.3636 0 P 0
L 244.2464 205.486 244.9576 205.486 0 P 0
L 244.602 205.1304 244.602 205.8416 0 P 0
L 248.3200012 195.58 249.5199988 195.58 0 P 0
L 248.3200012 198.12 249.5199988 198.12 0 P 0
L 248.3200012 200.66 249.5199988 200.66 0 P 0
L 248.92 194.9800012 248.92 196.1799988 0 P 0
L 248.92 197.5200012 248.92 198.7199988 0 P 0
L 248.92 200.0600012 248.92 201.2599988 0 P 0
